 
bats <-2

crows_overhaul <- 50000000

 
