 
bats <-2

crows <- 50000000
